0.000000000000000000e+00 2.273631387899250067e-01 2.784280141807805720e+01
1.000000000000000000e+00 nan nan
2.000000000000000000e+00 nan nan
3.000000000000000000e+00 2.311046432690539443e-01 2.733281075163259288e+01
4.000000000000000000e+00 1.261748065596715318e-01 5.037827650505659705e+01
5.000000000000000000e+00 2.599425655411123914e-01 2.382570053006624278e+01
6.000000000000000000e+00 3.372279541141446901e-01 1.704585199793565309e+01
7.000000000000000000e+00 3.193256315851216165e-01 1.836013033445692244e+01
8.000000000000000000e+00 2.260459066526304961e-01 2.802573910760239784e+01
9.000000000000000000e+00 4.278267996331511225e-02 1.153654891091050558e+02
1.000000000000000000e+01 1.246326901932120063e-01 5.094016806274892417e+01
1.100000000000000000e+01 6.423594980776810293e-02 8.720807264152513483e+01
1.200000000000000000e+01 1.065716040225438976e-01 5.843949156367038711e+01
1.300000000000000000e+01 3.172736835394011912e-02 1.388856200339861289e+02
1.400000000000000000e+01 2.120975869910004252e-01 3.007948700422706878e+01
1.500000000000000000e+01 2.956961783286257694e-01 2.030625410142899057e+01
1.600000000000000000e+01 1.328063739483864580e-01 4.807976871926629769e+01
1.700000000000000000e+01 1.704999672568086044e-01 3.781746526459014746e+01
1.800000000000000000e+01 1.409450857076925689e-01 4.549517480735116948e+01
1.900000000000000000e+01 1.150989467647967751e-01 5.467157175610685726e+01
2.000000000000000000e+01 1.236897904082273347e-01 5.128912201043857522e+01
2.100000000000000000e+01 9.857117625182745813e-02 6.242057156948754226e+01
2.200000000000000000e+01 8.889531422551504025e-02 6.794360060338368612e+01
2.300000000000000000e+01 1.097372531961643138e-01 5.698813635813152700e+01
2.400000000000000000e+01 7.280581810720924973e-02 7.944002964324141658e+01
2.500000000000000000e+01 8.402315639995681928e-02 7.107885066170346988e+01
2.600000000000000000e+01 9.371856945491446877e-02 6.508308837132796043e+01
2.700000000000000000e+01 nan nan
2.800000000000000000e+01 4.397112424638410094e-02 1.133271522241432336e+02
2.900000000000000000e+01 4.440632073184403589e-02 1.125993752386215760e+02
3.000000000000000000e+01 3.665556079027160880e-02 1.272359020019143685e+02
3.100000000000000000e+01 nan nan
3.200000000000000000e+01 nan nan
3.300000000000000000e+01 3.632584743941048855e-02 1.279491724862133424e+02
3.400000000000000000e+01 3.118115838448244984e-02 1.403226552691745042e+02
3.500000000000000000e+01 2.166224196520469963e-02 1.721802221747972510e+02
3.600000000000000000e+01 nan nan
3.700000000000000000e+01 6.053382380102013613e-03 3.061846145780020265e+02
3.800000000000000000e+01 nan nan
3.900000000000000000e+01 5.832147507734845686e-03 3.105437573081558185e+02
4.000000000000000000e+01 1.312619901203332558e-03 5.005305307388598521e+02
4.100000000000000000e+01 9.516718862238112038e-04 5.447094277516777083e+02
4.200000000000000000e+01 nan nan
4.300000000000000000e+01 3.396988285956920452e-04 6.918978431909029041e+02
4.400000000000000000e+01 nan nan
4.500000000000000000e+01 nan nan
4.600000000000000000e+01 nan nan
4.700000000000000000e+01 1.935880411806987882e-04 7.752516648537855417e+02
4.800000000000000000e+01 1.661549588261810044e-04 7.982128453410587099e+02
4.900000000000000000e+01 2.435094867844924240e-04 7.410199207498794749e+02
5.000000000000000000e+01 4.838076284874937624e-04 6.404952412361591314e+02
5.100000000000000000e+01 1.909979857599939919e-04 7.772705253472759068e+02
5.200000000000000000e+01 4.280589407880450018e-04 6.581952473159233250e+02
5.300000000000000000e+01 3.324624356374278160e-03 3.788500018360183503e+02
5.400000000000000000e+01 1.187304738047132054e-02 2.314056754828552585e+02
5.500000000000000000e+01 2.962093773056158341e-02 1.446149788430246872e+02
5.600000000000000000e+01 4.859700206660266808e-02 1.060562351231169202e+02
5.700000000000000000e+01 nan nan
5.800000000000000000e+01 3.963972834193438266e-02 1.211466840077063267e+02
5.900000000000000000e+01 5.919329093937263780e-02 9.251117521176078640e+01
6.000000000000000000e+01 5.333616743171357838e-02 9.953448894333027397e+01
6.100000000000000000e+01 8.437950582534353705e-02 7.084044621631596783e+01
6.200000000000000000e+01 nan nan
6.300000000000000000e+01 1.078082433012015479e-01 5.786474225209400402e+01
6.400000000000000000e+01 8.321879967538481360e-02 7.162253584850122934e+01
6.500000000000000000e+01 1.049123115559549985e-01 5.922693644997701767e+01
6.600000000000000000e+01 nan nan
6.700000000000000000e+01 1.311636291286109313e-01 4.863205915167726801e+01
6.800000000000000000e+01 9.294084705624804099e-02 6.552920632501559339e+01
6.900000000000000000e+01 1.580694441958209184e-01 4.076371605843846879e+01
7.000000000000000000e+01 1.339292925306945770e-01 4.770841211979584529e+01
7.100000000000000000e+01 1.277385232517891378e-01 4.981940910730683214e+01
7.200000000000000000e+01 1.949876412948802207e-01 3.293039420458742939e+01
7.300000000000000000e+01 nan nan
7.400000000000000000e+01 1.540906922528299805e-01 4.178740792141913829e+01
7.500000000000000000e+01 8.993584846337576710e-02 6.730707869400731624e+01
7.600000000000000000e+01 8.212512165170837708e-02 7.237439685515025189e+01
7.700000000000000000e+01 1.593084733617601001e-01 4.045337887669781196e+01
7.800000000000000000e+01 2.126524368168687118e-01 2.999348191519102613e+01
7.900000000000000000e+01 nan nan
8.000000000000000000e+01 nan nan
8.100000000000000000e+01 1.640213792331866871e-01 3.930776837814028823e+01
8.200000000000000000e+01 2.480409037888943735e-01 2.518878032486433582e+01
8.300000000000000000e+01 2.368125445370782567e-01 2.658115625344063560e+01
8.400000000000000000e+01 3.051429855077206210e-01 1.949668289146256228e+01
8.500000000000000000e+01 3.050482681168619759e-01 1.950458290730156108e+01
8.600000000000000000e+01 1.967236004197037147e-01 3.262239221478655082e+01
8.700000000000000000e+01 1.915502292132373052e-01 3.355389974185363400e+01
8.800000000000000000e+01 1.726477909756653217e-01 3.734358703773288113e+01
8.900000000000000000e+01 1.612463886822261272e-01 3.997574506261994287e+01
9.000000000000000000e+01 1.782592518854965724e-01 3.614979493130882560e+01
9.100000000000000000e+01 nan nan
9.200000000000000000e+01 2.076339106793993750e-01 3.078535165388790062e+01
9.300000000000000000e+01 2.074746524883846477e-01 3.081100479995709307e+01
9.400000000000000000e+01 2.306949180262501120e-01 2.738797630270620331e+01
9.500000000000000000e+01 3.053938914873816080e-01 1.947577643729738384e+01
9.600000000000000000e+01 2.546443544427990369e-01 2.441903341514080239e+01
9.700000000000000000e+01 3.428938475550764586e-01 1.665513292802817702e+01
9.800000000000000000e+01 3.191835356047633132e-01 1.837107851005928794e+01
9.900000000000000000e+01 4.133686184267958974e-01 1.260021616863905081e+01
1.000000000000000000e+02 4.561524398898594845e-01 1.069254661645905102e+01
1.010000000000000000e+02 4.555498852916184949e-01 1.071716255749180213e+01
1.020000000000000000e+02 4.448578438064993423e-01 1.116396900145334747e+01
1.030000000000000000e+02 3.650886906502479601e-01 1.522831908494311826e+01
1.040000000000000000e+02 4.421022065469849549e-01 1.128228317837022487e+01
1.050000000000000000e+02 3.638180314375401014e-01 1.530583572173973828e+01
1.060000000000000000e+02 5.628947443841889609e-01 7.097327233637918731e+00
1.070000000000000000e+02 7.248615925033292662e-01 3.534895553303885496e+00
1.080000000000000000e+02 6.161294273984551095e-01 5.735388540706873428e+00
1.090000000000000000e+02 5.963515395621502568e-01 6.215183500530772953e+00
1.100000000000000000e+02 4.972455633632201777e-01 9.142081588659097591e+00
1.110000000000000000e+02 3.965629798286132157e-01 1.345010426326068931e+01
1.120000000000000000e+02 4.397038818031137608e-01 1.138634443012386654e+01
1.130000000000000000e+02 4.438807430514694063e-01 1.120576942720529345e+01
1.140000000000000000e+02 5.062986665901550998e-01 8.831372262746267410e+00
1.150000000000000000e+02 5.897452132630586208e-01 6.382057179975702432e+00
1.160000000000000000e+02 3.595342414410929166e-01 1.557074509805286233e+01
1.170000000000000000e+02 2.428564158392179650e-01 2.581806675642094007e+01
1.180000000000000000e+02 3.894767177544974368e-01 1.382807860655144161e+01
1.190000000000000000e+02 5.731645656131711952e-01 6.816466842029966777e+00
1.200000000000000000e+02 7.033933446349699414e-01 3.919086743846999177e+00
1.210000000000000000e+02 7.549341601197245843e-01 3.031137540186630286e+00
1.220000000000000000e+02 7.156003778867616738e-01 3.697993055097925641e+00
1.230000000000000000e+02 7.474420056332996554e-01 3.153093145728063096e+00
1.240000000000000000e+02 7.799684041736346662e-01 2.639580807701460863e+00
1.250000000000000000e+02 7.153357059847671451e-01 3.702712081197735650e+00
1.260000000000000000e+02 7.170351827324284999e-01 3.672467493848031950e+00
1.270000000000000000e+02 5.282313744153408486e-01 8.119037360259806491e+00
1.280000000000000000e+02 6.749012594203341875e-01 4.464074734630661290e+00
1.290000000000000000e+02 7.909322808788066261e-01 2.475425183698563014e+00
1.300000000000000000e+02 nan nan
1.310000000000000000e+02 4.271284146826192507e-01 1.194918615791150351e+01
1.320000000000000000e+02 5.920628208891527411e-01 6.323124059545830455e+00
1.330000000000000000e+02 6.330120040589959363e-01 5.347810275080869147e+00
1.340000000000000000e+02 5.295480670774082022e-01 8.077991821575372100e+00
1.350000000000000000e+02 5.808682798660146362e-01 6.611790051801055945e+00
1.360000000000000000e+02 nan nan
1.370000000000000000e+02 2.916585020552157625e-01 2.066615308396342954e+01
1.380000000000000000e+02 6.998426233266916707e-01 3.984747215193253034e+00
1.390000000000000000e+02 6.735739842908188280e-01 4.490507652076449752e+00
1.400000000000000000e+02 6.457597391738049142e-01 5.067614978955594651e+00
1.410000000000000000e+02 nan nan
1.420000000000000000e+02 1.924399074395031772e-01 3.339075356386604199e+01
1.430000000000000000e+02 2.948839014100071432e-01 2.037796830325372355e+01
1.440000000000000000e+02 6.913870536200870109e-01 4.143638166412925372e+00
1.450000000000000000e+02 8.536423656129662474e-01 1.612920023156228844e+00
1.460000000000000000e+02 8.097887997459202181e-01 2.202872649039472552e+00
1.470000000000000000e+02 6.493536999155586908e-01 4.990464559650824583e+00
1.480000000000000000e+02 5.005724612996660383e-01 9.026709834974557367e+00
1.490000000000000000e+02 5.464204120996006830e-01 7.568087315894737266e+00
1.500000000000000000e+02 5.404734520720634317e-01 7.744482911704580808e+00
1.510000000000000000e+02 3.692350179673186128e-01 1.497866883187450604e+01
1.520000000000000000e+02 5.178100581084658094e-01 8.450629360802789591e+00
1.530000000000000000e+02 7.468078137860953980e-01 3.163521499424971850e+00
1.540000000000000000e+02 7.791728657268127689e-01 2.651660564173640378e+00
1.550000000000000000e+02 7.839372344786824653e-01 2.579660294645587548e+00
1.560000000000000000e+02 8.453099424558746522e-01 1.720575735091533165e+00
1.570000000000000000e+02 8.318472974071667858e-01 1.898804584794497874e+00
1.580000000000000000e+02 8.425542102189113036e-01 1.756621471982908522e+00
1.590000000000000000e+02 nan nan
1.600000000000000000e+02 6.029770867270627388e-01 6.051215976650365924e+00
1.610000000000000000e+02 5.462546702904927942e-01 7.572955744864080962e+00
1.620000000000000000e+02 4.737719460484062228e-01 9.997870481132110854e+00
1.630000000000000000e+02 6.646187060765870180e-01 4.671417531666430811e+00
1.640000000000000000e+02 7.190615782002977019e-01 3.636579413901689151e+00
1.650000000000000000e+02 7.152079513579544523e-01 3.704991077179586423e+00
1.660000000000000000e+02 7.175183686913060299e-01 3.663892940031146406e+00
