0.000000000000000000e+00 4.938220604377219769e-01 9.262280519822171598e+00
1.000000000000000000e+00 nan nan
2.000000000000000000e+00 nan nan
3.000000000000000000e+00 8.129513319832087914e-01 2.158325583468194253e+00
4.000000000000000000e+00 7.818891346309789769e-01 2.610510776893749441e+00
5.000000000000000000e+00 7.125047823015387971e-01 3.753391314490035491e+00
6.000000000000000000e+00 7.830474618689420296e-01 2.593044315845199677e+00
7.000000000000000000e+00 7.993385508249395421e-01 2.352428505270700576e+00
8.000000000000000000e+00 8.174326123200429395e-01 2.095757979470988630e+00
9.000000000000000000e+00 7.884165756724600405e-01 2.512712470223275485e+00
1.000000000000000000e+01 8.073283242251944047e-01 2.237757512010387195e+00
1.100000000000000000e+01 8.517938630420677226e-01 1.636631485974598732e+00
1.200000000000000000e+01 8.373367899631041222e-01 1.825478748418191355e+00
1.300000000000000000e+01 8.014258916205441174e-01 2.322263228840627747e+00
1.400000000000000000e+01 7.477570175960955856e-01 3.147919390513544080e+00
1.500000000000000000e+01 8.484802688282228056e-01 1.679379955537166014e+00
1.600000000000000000e+01 8.263404680647133960e-01 1.973283171734820929e+00
1.700000000000000000e+01 7.354358669995508802e-01 3.353370582346884454e+00
1.800000000000000000e+01 7.499811714806278173e-01 3.111505666133516979e+00
1.900000000000000000e+01 5.814688039023080401e-01 6.596044880044971137e+00
2.000000000000000000e+01 6.332141293790564118e-01 5.343286019312620816e+00
2.100000000000000000e+01 8.102441705316231202e-01 2.196438200695415954e+00
2.200000000000000000e+01 8.488353527493890383e-01 1.674783992975172664e+00
2.300000000000000000e+01 8.528459651941270314e-01 1.623123881462780860e+00
2.400000000000000000e+01 8.520792239363303988e-01 1.632964720685654347e+00
2.500000000000000000e+01 8.165861720456252248e-01 2.107526496438322017e+00
2.600000000000000000e+01 7.773817076150943972e-01 2.678943070385235714e+00
2.700000000000000000e+01 nan nan
2.800000000000000000e+01 7.012324645547844959e-01 3.958972220411193010e+00
2.900000000000000000e+01 6.543789905678816243e-01 4.883907442732021487e+00
3.000000000000000000e+01 4.779604420988399771e-01 9.839575264645624486e+00
3.100000000000000000e+01 nan nan
3.200000000000000000e+01 nan nan
3.300000000000000000e+01 8.002160049392392782e-01 2.339729935287043983e+00
3.400000000000000000e+01 7.697113671928956791e-01 2.797122173665476108e+00
3.500000000000000000e+01 6.257988984755420425e-01 5.511035083380598998e+00
3.600000000000000000e+01 nan nan
3.700000000000000000e+01 7.355670014948103574e-01 3.351150075958897467e+00
3.800000000000000000e+01 nan nan
3.900000000000000000e+01 7.951873301939367256e-01 2.412862020013427422e+00
4.000000000000000000e+01 8.267009410958937599e-01 1.968379294875339136e+00
4.100000000000000000e+01 8.141995825036324463e-01 2.140832442315664164e+00
4.200000000000000000e+01 nan nan
4.300000000000000000e+01 8.259776077249093573e-01 1.978223593804604885e+00
4.400000000000000000e+01 nan nan
4.500000000000000000e+01 5.650875151553108600e-01 7.036571102774230368e+00
4.600000000000000000e+01 nan nan
4.700000000000000000e+01 6.583972919062915929e-01 4.799789702407471381e+00
4.800000000000000000e+01 7.444490029389470021e-01 3.202454586577995421e+00
4.900000000000000000e+01 7.212230103735803866e-01 3.598507384809410681e+00
5.000000000000000000e+01 7.481531827385918820e-01 3.141418564604737451e+00
5.100000000000000000e+01 6.535679313767623899e-01 4.901002336819479943e+00
5.200000000000000000e+01 5.184208362640753132e-01 8.430859274061155872e+00
5.300000000000000000e+01 6.115598305528155976e-01 5.843694955813021785e+00
5.400000000000000000e+01 7.026982241970916032e-01 3.931892305260982212e+00
5.500000000000000000e+01 7.364798321523827740e-01 3.335713560931848232e+00
5.600000000000000000e+01 7.318264191363408333e-01 3.414781529461097698e+00
5.700000000000000000e+01 nan nan
5.800000000000000000e+01 7.665251261549982376e-01 2.846865121640722585e+00
5.900000000000000000e+01 7.810373379482282719e-01 2.623386066205406486e+00
6.000000000000000000e+01 7.668900265113021142e-01 2.841148728497437936e+00
6.100000000000000000e+01 7.084748775884173178e-01 3.826186480113292987e+00
6.200000000000000000e+01 nan nan
6.300000000000000000e+01 6.468636118238536570e-01 5.043833871154724591e+00
6.400000000000000000e+01 3.443311813402428201e-01 1.655781931145821062e+01
6.500000000000000000e+01 3.510870655717409083e-01 1.610985689795055720e+01
6.600000000000000000e+01 nan nan
6.700000000000000000e+01 7.488380070713631653e-01 3.130196202845779929e+00
6.800000000000000000e+01 6.047068211800615822e-01 6.008955210950707837e+00
6.900000000000000000e+01 7.172777727500018186e-01 3.668161175463379831e+00
7.000000000000000000e+01 7.242562788269157892e-01 3.545436599886689244e+00
7.100000000000000000e+01 7.945988346857975060e-01 2.421477335354637273e+00
7.200000000000000000e+01 7.471456676357015603e-01 3.157963926827017431e+00
7.300000000000000000e+01 nan nan
7.400000000000000000e+01 6.594624966206367178e-01 4.777650733365180535e+00
7.500000000000000000e+01 4.435515796657544807e-01 1.121988848106654935e+01
7.600000000000000000e+01 6.192854309664999057e-01 5.661449717573654894e+00
7.700000000000000000e+01 7.042952383413704220e-01 3.902507125440645819e+00
7.800000000000000000e+01 6.041038234230025061e-01 6.023662238140499170e+00
7.900000000000000000e+01 nan nan
8.000000000000000000e+01 nan nan
8.100000000000000000e+01 6.632672938647962146e-01 4.699112221606339013e+00
8.200000000000000000e+01 6.305724602862137207e-01 5.402627468835462743e+00
8.300000000000000000e+01 6.463401014308057801e-01 5.055102641303966138e+00
8.400000000000000000e+01 6.046132369010766006e-01 6.011235941676391192e+00
8.500000000000000000e+01 5.866473462244971016e-01 6.461501279215223548e+00
8.600000000000000000e+01 5.675260510531258129e-01 6.969512493267131070e+00
8.700000000000000000e+01 2.813371087156619765e-01 2.162672339320319992e+01
8.800000000000000000e+01 4.792031134833761308e-01 9.793094560819664451e+00
8.900000000000000000e+01 5.131862048139279597e-01 8.601690972140568547e+00
9.000000000000000000e+01 4.881253783363992405e-01 9.465688619523621838e+00
9.100000000000000000e+01 nan nan
9.200000000000000000e+01 3.929651156724638938e-01 1.364048921039175077e+01
9.300000000000000000e+01 3.531207073129762342e-01 1.597798178448916850e+01
9.400000000000000000e+01 3.512451071318863915e-01 1.609956003087931364e+01
9.500000000000000000e+01 4.073300040798985000e-01 1.289836525686581936e+01
9.600000000000000000e+01 2.677939569375790696e-01 2.298361669503998073e+01
9.700000000000000000e+01 3.624163747752962572e-01 1.539190288150886943e+01
9.800000000000000000e+01 3.920109250582977656e-01 1.369150479960673650e+01
9.900000000000000000e+01 4.089324163958035219e-01 1.281847887648868145e+01
1.000000000000000000e+02 3.160302188523084199e-01 1.861625112509566549e+01
1.010000000000000000e+02 1.289918313828174179e-01 4.937918271375693280e+01
1.020000000000000000e+02 3.643542582381040784e-01 1.527306467970951509e+01
1.030000000000000000e+02 4.681618394912577807e-01 1.021391418574982701e+01
1.040000000000000000e+02 4.932040740568583437e-01 9.284139787666005006e+00
1.050000000000000000e+02 3.870980823095774848e-01 1.395771936944349001e+01
1.060000000000000000e+02 3.779925062180247153e-01 1.446740912279049063e+01
1.070000000000000000e+02 3.768267414477453059e-01 1.453424591461204685e+01
1.080000000000000000e+02 4.194593684724284843e-01 1.230730614474930107e+01
1.090000000000000000e+02 3.828976526393131352e-01 1.419015660002110657e+01
1.100000000000000000e+02 3.470421977681373282e-01 1.637620978068355981e+01
1.110000000000000000e+02 3.392374560360144065e-01 1.690596098940078562e+01
1.120000000000000000e+02 4.537194354238333061e-01 1.079230379012875396e+01
1.130000000000000000e+02 4.278798030999492186e-01 1.191472008939752314e+01
1.140000000000000000e+02 3.367098665821015580e-01 1.708215692694686538e+01
1.150000000000000000e+02 2.930569743343006128e-01 2.054052513100595334e+01
1.160000000000000000e+02 1.530010554424632852e-01 4.207522619748761628e+01
1.170000000000000000e+02 1.748632454490011701e-01 3.686477671897346653e+01
1.180000000000000000e+02 2.483001905219556771e-01 2.515789728411676407e+01
1.190000000000000000e+02 1.518895317915879561e-01 4.237224424281640012e+01
1.200000000000000000e+02 4.007643019315145216e-01 1.323165846547335534e+01
1.210000000000000000e+02 4.628126397537476455e-01 1.042432717220121674e+01
1.220000000000000000e+02 4.566308303898620191e-01 1.067304495735863057e+01
1.230000000000000000e+02 3.544050782154276047e-01 1.589538449558483357e+01
1.240000000000000000e+02 2.575842894937724337e-01 2.408721555547229087e+01
1.250000000000000000e+02 2.297845700384942846e-01 2.751114132458904038e+01
1.260000000000000000e+02 2.461022049134318490e-01 2.542145167576011389e+01
1.270000000000000000e+02 1.848484394830794963e-01 3.482439042511054339e+01
1.280000000000000000e+02 1.678754911163680696e-01 3.840989974625104253e+01
1.290000000000000000e+02 1.500392342121187328e-01 4.287450286311460701e+01
1.300000000000000000e+02 nan nan
1.310000000000000000e+02 1.219117525639129146e-01 5.195860318241714992e+01
1.320000000000000000e+02 9.084154342914817215e-02 6.676195323306681928e+01
1.330000000000000000e+02 9.975041224963585029e-02 6.180334798410518715e+01
1.340000000000000000e+02 6.052176294682284213e-02 9.105339369106123115e+01
1.350000000000000000e+02 1.016236602713996573e-01 6.084533795248110266e+01
1.360000000000000000e+02 nan nan
1.370000000000000000e+02 4.715864199923099076e-02 1.082119040120124112e+02
1.380000000000000000e+02 6.606448535057869720e-02 8.542962602949562267e+01
1.390000000000000000e+02 4.868353342137794054e-02 1.059293555606570720e+02
1.400000000000000000e+02 5.076468854528254360e-02 1.029685314115324672e+02
1.410000000000000000e+02 nan nan
1.420000000000000000e+02 2.901515022962883328e-02 1.463614595240084100e+02
1.430000000000000000e+02 2.001339899332330724e-02 1.795233544156401706e+02
1.440000000000000000e+02 7.491940018232130967e-03 2.816554526876127511e+02
1.450000000000000000e+02 4.255745413085495511e-03 3.482853273081495900e+02
1.460000000000000000e+02 2.436584942427658367e-03 4.184420974679321716e+02
1.470000000000000000e+02 2.321035806726687127e-03 4.247377489343874117e+02
1.480000000000000000e+02 2.707696337670699015e-03 4.048673036399821967e+02
1.490000000000000000e+02 1.680043396378186988e-03 4.672940659753182331e+02
1.500000000000000000e+02 2.787766854945009001e-04 7.209809604656369402e+02
1.510000000000000000e+02 nan nan
1.520000000000000000e+02 1.168258778545703507e-05 1.213118052437713231e+03
1.530000000000000000e+02 2.971634474580552823e-04 7.115561391282402610e+02
1.540000000000000000e+02 7.527878483639910238e-04 5.774909828197999104e+02
1.550000000000000000e+02 1.278131241970916019e-03 5.041522159936396861e+02
1.560000000000000000e+02 1.239580724960439011e-03 5.083263256296389159e+02
1.570000000000000000e+02 4.887252374882718534e-03 3.315315117747207978e+02
1.580000000000000000e+02 1.183236448560551213e-02 2.317654888709263901e+02
1.590000000000000000e+02 nan nan
1.600000000000000000e+02 2.733270500182889695e-02 1.514699167167457858e+02
1.610000000000000000e+02 2.962733416923170673e-02 1.445967854858743635e+02
1.620000000000000000e+02 2.036575180231126742e-02 1.778921478698696319e+02
1.630000000000000000e+02 4.331025198544569133e-02 1.144512630721070252e+02
1.640000000000000000e+02 4.950165082463968413e-02 1.047449346763712441e+02
1.650000000000000000e+02 6.945317197207126481e-02 8.231376724388532296e+01
1.660000000000000000e+02 6.550971334210695107e-02 8.596167544381235359e+01
