0.000000000000000000e+00 4.228413839175153011e-01 1.214793755220426696e+01
1.000000000000000000e+00 nan nan
2.000000000000000000e+00 nan nan
3.000000000000000000e+00 4.884690795611829062e-01 9.453293974418540913e+00
4.000000000000000000e+00 4.111090706723231070e-01 1.271085890234930638e+01
5.000000000000000000e+00 5.466741619218347115e-01 7.560639022790538455e+00
6.000000000000000000e+00 6.629471075603027286e-01 4.705689219187457084e+00
7.000000000000000000e+00 5.213888491544603765e-01 8.335391317497467867e+00
8.000000000000000000e+00 4.204160302305406383e-01 1.226199232364525926e+01
9.000000000000000000e+00 5.379700898701385015e-01 7.819804710243130508e+00
1.000000000000000000e+01 4.817754133950805651e-01 9.697572812008745657e+00
1.100000000000000000e+01 4.703072746718484631e-01 1.013074216002039130e+01
1.200000000000000000e+01 4.377196423533805114e-01 1.147321590407765335e+01
1.300000000000000000e+01 3.903112487457455759e-01 1.378292913546672338e+01
1.400000000000000000e+01 4.774191129254711785e-01 9.859891750391428289e+00
1.500000000000000000e+01 5.298301155459601564e-01 8.069223742238440522e+00
1.600000000000000000e+01 3.964378267580557780e-01 1.345667501605400851e+01
1.700000000000000000e+01 5.729885330051286418e-01 6.821202961206620508e+00
1.800000000000000000e+01 6.431281100301778908e-01 5.124614434295359899e+00
1.900000000000000000e+01 6.032925921821665760e-01 6.043490880192112336e+00
2.000000000000000000e+01 5.991556830957118773e-01 6.145378663400165919e+00
2.100000000000000000e+01 5.579131850678060722e-01 7.236983723704261351e+00
2.200000000000000000e+01 6.719643178964077590e-01 4.522694730622841774e+00
2.300000000000000000e+01 6.586402559740248686e-01 4.794734138402864332e+00
2.400000000000000000e+01 6.267923097994353432e-01 5.488348744172000693e+00
2.500000000000000000e+01 5.894105801273438194e-01 6.390601677236503519e+00
2.600000000000000000e+01 3.831113031138195790e-01 1.417822428666173451e+01
2.700000000000000000e+01 nan nan
2.800000000000000000e+01 4.008549395795865111e-01 1.322699095432174410e+01
2.900000000000000000e+01 3.219497771458091906e-01 1.815946907370718222e+01
3.000000000000000000e+01 2.679602286040692616e-01 2.296624279000222302e+01
3.100000000000000000e+01 nan nan
3.200000000000000000e+01 nan nan
3.300000000000000000e+01 5.998975239406508786e-01 6.127012443380460915e+00
3.400000000000000000e+01 4.444423176548773502e-01 1.118172495974809877e+01
3.500000000000000000e+01 1.089789393379174687e-01 5.732989250281298865e+01
3.600000000000000000e+01 nan nan
3.700000000000000000e+01 2.559091698191454101e-01 2.427547925155475284e+01
3.800000000000000000e+01 nan nan
3.900000000000000000e+01 2.989446538809036880e-01 2.002284409394565756e+01
4.000000000000000000e+01 1.717701035376851537e-01 3.753606346629942436e+01
4.100000000000000000e+01 1.704897961261628847e-01 3.781973250722521840e+01
4.200000000000000000e+01 nan nan
4.300000000000000000e+01 1.780174300302343193e-01 3.619996697626930171e+01
4.400000000000000000e+01 nan nan
4.500000000000000000e+01 4.179246689610437854e-02 1.171233727303798560e+02
4.600000000000000000e+01 nan nan
4.700000000000000000e+01 2.888794046381250591e-01 2.091893572968577075e+01
4.800000000000000000e+01 2.994079572916266696e-01 1.998285984072581556e+01
4.900000000000000000e+01 2.768844423061085913e-01 2.206019079442932807e+01
5.000000000000000000e+01 2.110053091862838792e-01 3.024990322061960057e+01
5.100000000000000000e+01 2.229177566444469349e-01 2.846747591655541143e+01
5.200000000000000000e+01 2.406718608693144135e-01 2.609012446276113906e+01
5.300000000000000000e+01 2.891243490413098471e-01 2.089648660242999156e+01
5.400000000000000000e+01 2.031414993936518365e-01 3.152184354564756674e+01
5.500000000000000000e+01 2.272584648240422445e-01 2.785727305660189757e+01
5.600000000000000000e+01 1.494211910288937850e-01 4.304449111576628439e+01
5.700000000000000000e+01 nan nan
5.800000000000000000e+01 1.429095048851956040e-01 4.490658200722863569e+01
5.900000000000000000e+01 1.956001232642240462e-01 3.282120685613538313e+01
6.000000000000000000e+01 1.417859389189168873e-01 4.524164218807680271e+01
6.100000000000000000e+01 1.165979366780817011e-01 5.405355817102096694e+01
6.200000000000000000e+01 nan nan
6.300000000000000000e+01 9.440616479074097345e-02 6.469328828810182586e+01
6.400000000000000000e+01 1.348468652785333455e-01 4.740860047161557844e+01
6.500000000000000000e+01 9.726143435488698863e-02 6.311936529993005962e+01
6.600000000000000000e+01 nan nan
6.700000000000000000e+01 1.421992712980389151e-01 4.511789115745777679e+01
6.800000000000000000e+01 1.320918104794204795e-01 4.831867252797591306e+01
6.900000000000000000e+01 1.071853544029995747e-01 5.815296883012895535e+01
7.000000000000000000e+01 8.364125507375912150e-02 7.133602084758048534e+01
7.100000000000000000e+01 5.625017523525148444e-02 9.591185547365064679e+01
7.200000000000000000e+01 6.492569077188312110e-02 8.652880288922739282e+01
7.300000000000000000e+01 nan nan
7.400000000000000000e+01 4.469092105542987053e-02 1.121286714922715078e+02
7.500000000000000000e+01 1.826945207115885511e-02 1.881572438024673772e+02
7.600000000000000000e+01 2.173479286926858350e-02 1.718732932652191039e+02
7.700000000000000000e+01 3.192178642442852071e-02 1.383819016181548989e+02
7.800000000000000000e+01 2.433361948027856422e-02 1.616601499992433162e+02
7.900000000000000000e+01 nan nan
8.000000000000000000e+01 nan nan
8.100000000000000000e+01 2.354559639400178629e-03 4.228766405568705977e+02
8.200000000000000000e+01 3.618823118295317297e-03 3.682607104432872802e+02
8.300000000000000000e+01 1.117192380089520546e-03 5.225602844517708263e+02
8.400000000000000000e+01 1.200846920446192343e-03 5.126624804203435133e+02
8.500000000000000000e+01 1.050184915542366759e-03 5.310765468554677682e+02
8.600000000000000000e+01 1.642842705304142607e-04 7.999190789945630513e+02
8.700000000000000000e+01 nan nan
8.800000000000000000e+01 9.056316075607582646e-06 1.254160981869199986e+03
8.900000000000000000e+01 4.341098541113023687e-04 6.561606008989227803e+02
9.000000000000000000e+01 1.046979344410422456e-03 5.314983581822043561e+02
9.100000000000000000e+01 nan nan
9.200000000000000000e+01 9.794186213703823599e-04 5.407230468984000709e+02
9.300000000000000000e+01 1.668138687187420465e-03 4.682431006787591627e+02
9.400000000000000000e+01 1.883638270303976663e-03 4.521018372853552592e+02
9.500000000000000000e+01 4.577456019773776079e-03 3.394265778569877625e+02
9.600000000000000000e+01 4.077745848267468227e-03 3.535143206670430800e+02
9.700000000000000000e+01 8.843994884587563776e-03 2.631026108842949611e+02
9.800000000000000000e+01 1.154696206188597120e-02 2.343317090817282633e+02
9.900000000000000000e+01 9.072453632088143399e-03 2.602939744195384719e+02
1.000000000000000000e+02 1.590177330706090547e-02 2.016564963107738322e+02
1.010000000000000000e+02 3.713315067089885402e-02 1.262177259818983970e+02
1.020000000000000000e+02 4.130695625853448433e-02 1.180059936392778610e+02
1.030000000000000000e+02 4.404794659071639695e-02 1.131979718058959890e+02
1.040000000000000000e+02 4.106512401137996093e-02 1.184508685067963398e+02
1.050000000000000000e+02 5.824110585611307067e-02 9.358483051958194210e+01
1.060000000000000000e+02 8.019108529604758451e-02 7.374087988111713798e+01
1.070000000000000000e+02 1.096524019768146258e-01 5.702619624843410406e+01
1.080000000000000000e+02 6.599585867331260458e-02 8.549509382693418047e+01
1.090000000000000000e+02 1.653873538249586023e-02 1.977940332050049506e+02
1.100000000000000000e+02 1.341354846654167678e-03 4.975900209119230908e+02
1.110000000000000000e+02 1.204319697495946639e-01 5.252751799170086855e+01
1.120000000000000000e+02 1.424552550024637265e-01 4.504153714332796454e+01
1.130000000000000000e+02 1.285792071492082300e-01 4.952337238476960124e+01
1.140000000000000000e+02 2.354572373482128611e-01 2.675683357796014761e+01
1.150000000000000000e+02 2.257175091960889335e-01 2.807162767957008853e+01
1.160000000000000000e+02 1.463696543289458030e-01 4.390060924864520331e+01
1.170000000000000000e+02 8.026271657090848499e-02 7.368940425808547445e+01
1.180000000000000000e+02 1.725249242765647673e-01 3.737043531918678951e+01
1.190000000000000000e+02 2.344801589043817303e-01 2.688455195944826315e+01
1.200000000000000000e+02 2.250261925539971397e-01 2.816859801044119749e+01
1.210000000000000000e+02 3.298450441925527832e-01 1.757266779458251449e+01
1.220000000000000000e+02 2.516673403502290296e-01 2.476178336986820838e+01
1.230000000000000000e+02 1.414764479760713956e-01 4.533468023021488591e+01
1.240000000000000000e+02 2.111943284766956350e-02 1.745182354637094875e+02
1.250000000000000000e+02 2.084325533106965167e-01 3.065720154386358942e+01
1.260000000000000000e+02 2.655435134241930228e-01 2.322060695520771390e+01
1.270000000000000000e+02 3.368662854982344967e-01 1.707118552511510501e+01
1.280000000000000000e+02 1.861107463192473999e-01 3.457932225519252967e+01
1.290000000000000000e+02 2.775351927343597813e-01 2.199609088209550833e+01
1.300000000000000000e+02 nan nan
1.310000000000000000e+02 4.563336941397914126e-01 1.068515340826297688e+01
1.320000000000000000e+02 5.113456332893440148e-01 8.662516300668961833e+00
1.330000000000000000e+02 4.834557084029661445e-01 9.635674248170385425e+00
1.340000000000000000e+02 3.617280933708784674e-01 1.543438249463208223e+01
1.350000000000000000e+02 4.156540104112249612e-01 1.248940634557849627e+01
1.360000000000000000e+02 nan nan
1.370000000000000000e+02 4.923430097243224335e-01 9.314680413021745764e+00
1.380000000000000000e+02 4.015600632153063509e-01 1.319074403259337736e+01
1.390000000000000000e+02 3.437134015164294287e-01 1.659955764347049723e+01
1.400000000000000000e+02 3.528709904871754621e-01 1.599410270548277602e+01
1.410000000000000000e+02 nan nan
1.420000000000000000e+02 3.225519712861111277e-01 1.811382485881312832e+01
1.430000000000000000e+02 3.511469355447621177e-01 1.610595523104775140e+01
1.440000000000000000e+02 4.199183552600457836e-01 1.228554235085564095e+01
1.450000000000000000e+02 3.393384553544234739e-01 1.689896848204081437e+01
1.460000000000000000e+02 5.038025865049180485e-01 8.916023157839902069e+00
1.470000000000000000e+02 5.777803921776191176e-01 6.693227394079515946e+00
1.480000000000000000e+02 6.671789418676906669e-01 4.619236178914119861e+00
1.490000000000000000e+02 6.573210842300547530e-01 4.822225022537318218e+00
1.500000000000000000e+02 6.707147071346429845e-01 4.547781138628105957e+00
1.510000000000000000e+02 6.808452121321338923e-01 4.346876506849535637e+00
1.520000000000000000e+02 5.767992421285719207e-01 6.719271464687844642e+00
1.530000000000000000e+02 5.136924854574234089e-01 8.585029711647363726e+00
1.540000000000000000e+02 5.133445402339700259e-01 8.596477065457822420e+00
1.550000000000000000e+02 3.049925780258689323e-01 1.950922980252668637e+01
1.560000000000000000e+02 4.404261330455662149e-01 1.135489900453644019e+01
1.570000000000000000e+02 6.521995990302716928e-01 4.929932465106050543e+00
1.580000000000000000e+02 6.395924940772202971e-01 5.201878173814658446e+00
1.590000000000000000e+02 nan nan
1.600000000000000000e+02 5.254039500772914595e-01 8.207812977522905840e+00
1.610000000000000000e+02 5.387939095064900874e-01 7.794946625333052381e+00
1.620000000000000000e+02 4.623418963405269699e-01 1.044305511432588141e+01
1.630000000000000000e+02 5.216062227301568877e-01 8.328438390714314465e+00
1.640000000000000000e+02 6.397324453747854633e-01 5.198804772353009973e+00
1.650000000000000000e+02 6.003275831788711381e-01 6.116384383789129409e+00
1.660000000000000000e+02 6.749589741852544122e-01 4.462927528813279920e+00
