nan	nan
nan	nan
nan	nan
0.597615706	0.013063039
0.674062745	0.021214096
0.671740435	0.011105436
0.600313316	0.012650721
nan	nan
nan	nan
0.466037046	0.022983496
nan	nan
0.373219091	0.015143609
nan	nan
0.357819354	0.028763372
0.190822378	0.033310697
0.147889308	0.036233922
nan	nan
0.413706731	0.015399515
nan	nan
0.502193147	0.03543283
0.403479529	0.020212255
nan	nan
0.295898295	0.036866594
0.331994092	0.018999867
0.119156195	0.013830603
0.142138589	0.017176404
nan	nan
0.159930451	0.036421664
nan	nan
0.260841019	0.027350861
0.203534202	0.033825966
nan	nan
nan	nan
0.2341523	0.048228427
0.056699758	0.012295573
nan	nan
nan	nan
0.087330242	0.024557169
0.098015594	0.019805917
0.039497686	0.011697318
0.03436914	0.016779903
nan	nan
nan	nan
0.034736934	0.004302064
nan	nan
nan	nan
nan	nan
nan	nan
0.023868472	0.005985348
0.057002097	0.004131607
0.447539413	0.015565502
0.044850354	0.011874994
nan	nan
nan	nan
0.194989877	0.02840908
0.133319812	0.020824798
0.079384586	0.022510545
nan	nan
0.421428326	0.029408098
0.155367991	0.035795675
0.125416265	0.034726419
nan	nan
nan	nan
0.281839204	0.025960505
0.461192273	0.021649692
0.363519398	0.030018516
nan	nan
0.478621731	0.032276606
nan	nan
0.387338849	0.022239316
0.508287573	0.024548947
0.329456199	0.025937612
0.162029013	0.02339891
nan	nan
0.24697094	0.032007043
0.285624701	0.05198964
0.156211508	0.017396283
nan	nan
nan	nan
nan	nan
nan	nan
nan	nan
nan	nan
nan	nan
nan	nan
nan	nan
nan	nan
0.337795926	0.02756003
nan	nan
0.438013865	0.024706671
0.344827025	0.028778953
0.395078853	0.031031953
0.136001758	0.026804813
nan	nan
0.188708841	0.029336613
0.273421306	0.020294047
0.311726261	0.023866551
0.484302716	0.014398674
nan	nan
0.474788678	0.013774856
0.476444061	0.009005776
0.450047479	0.024984332
0.549287927	0.036422265
0.341088732	0.027564772
0.399488531	0.033025204
0.404103489	0.026406766
nan	nan
0.285911833	0.036986822
nan	nan
nan	nan
nan	nan
nan	nan
0.628494239	0.020625278
0.552185004	0.022246918
0.701945229	0.016436796
nan	nan
0.638405928	0.011784921
nan	nan
0.830018251	0.007496339
0.675392486	0.015599244
0.824389644	0.015102645
0.717736651	0.010196966
0.756185946	0.002907533
0.80184333	0.006966732
nan	nan
0.829407971	0.00768948
0.830057919	0.007657609
0.851027584	0.010068668
0.800167826	0.011428705
nan	nan
nan	nan
0.665102257	0.028431034
0.710730855	0.017871598
0.640299335	0.021535621
0.499298047	0.022487939
0.459966366	0.029240846
nan	nan
nan	nan
nan	nan
nan	nan
0.209458524	0.033310756
nan	nan
0.52643543	0.015333558
0.720804762	0.025684385
nan	nan
nan	nan
0.608310032	0.019780803
0.774181835	0.0157902
0.727332869	0.009699607
nan	nan
0.593022745	0.024547607
nan	nan
0.780959197	0.008335744
0.749254333	0.021119066
0.633958024	0.026542467
nan	nan
nan	nan
nan	nan
0.54532596	0.032188386
nan	nan
0.231013627	0.025105579
0.594645997	0.020292218
nan	nan
0.507332546	0.021373917
nan	nan
0.695375677	0.017246142
0.857408461	0.014135011
