nan	nan
nan	nan
nan	nan
0.750969261	0.007216447
0.837356306	0.008594083
0.811158863	0.005291919
0.923189234	0.010976209
nan	nan
0.739582889	0.012647209
0.690446833	0.015579047
nan	nan
0.623532712	0.014294108
nan	nan
0.384057187	0.01554542
0.433636247	0.016284387
0.293412383	0.018870307
nan	nan
0.805330336	0.018141672
nan	nan
0.833642484	0.012478313
0.845139215	0.011218003
nan	nan
0.7823388	0.016863196
0.772156038	0.009891758
0.530820769	0.017900368
nan	nan
nan	nan
0.617341838	0.025153204
0.723897282	0.015406036
0.712453024	0.016563248
0.752533353	0.011620515
nan	nan
nan	nan
nan	nan
0.317908972	0.017956196
0.155880261	0.011655321
nan	nan
0.509231351	0.011978856
0.691058462	0.009728187
0.474237972	0.018563357
0.38226107	0.015537581
0.598725939	0.013197003
nan	nan
0.312660151	0.013511481
nan	nan
0.410909397	0.013137435
nan	nan
0.420128622	0.016923436
0.40231605	0.020472378
0.371871132	0.019729735
0.303035563	0.016119452
0.330142146	0.01670315
nan	nan
nan	nan
nan	nan
0.451645173	0.018613632
0.364980915	0.015909356
nan	nan
0.162468032	0.013704012
0.257534293	0.02137493
0.191473383	0.018893755
nan	nan
nan	nan
0.4097348	0.016477143
0.617488804	0.017645786
0.462893711	0.017531813
nan	nan
0.446838546	0.018102121
nan	nan
0.576076613	0.017661601
nan	nan
0.376656477	0.017147139
0.216613055	0.012871925
nan	nan
0.277056364	0.016659312
nan	nan
0.114102492	0.012123679
nan	nan
nan	nan
nan	nan
nan	nan
nan	nan
nan	nan
nan	nan
nan	nan
nan	nan
nan	nan
0.348955519	0.016739875
nan	nan
0.422600477	0.018352138
0.345146115	0.016249544
0.362398115	0.016430716
0.074500287	0.008852978
nan	nan
0.108269336	0.008317949
0.176785097	0.012146192
0.209435432	0.014211615
0.415079979	0.01536829
nan	nan
0.38702931	0.024933452
0.404241515	0.019249035
0.392689999	0.015115457
nan	nan
nan	nan
nan	nan
0.122452863	0.009287174
0.136369832	0.00949514
0.083728144	0.007644814
nan	nan
nan	nan
nan	nan
nan	nan
0.358366081	0.014137891
0.271585898	0.014314005
0.406762707	0.013542167
nan	nan
0.468976733	0.014321964
nan	nan
nan	nan
0.513610646	0.017708674
0.655508481	0.014878596
0.550993749	0.013563469
0.708155671	0.010529267
nan	nan
0.641072951	0.019321257
0.65433093	0.013845323
0.74130783	0.010528093
0.682345876	0.012822545
0.496495533	0.020316811
0.535453176	0.016121195
nan	nan
0.159946487	0.009373299
nan	nan
0.132840283	0.007696467
0.13148355	0.009590993
0.067518422	0.006044309
nan	nan
nan	nan
nan	nan
nan	nan
0.029739897	0.002772638
nan	nan
0.054630328	0.002693108
0.045038934	0.010464614
nan	nan
nan	nan
0.031672101	0.003548869
0.171746411	0.009321016
0.07947635	0.009230774
nan	nan
0.027075098	0.00173842
nan	nan
nan	nan
nan	nan
0.13146396	0.010491103
0.087549213	0.007726729
0.061672572	0.004422261
nan	nan
0.03359684	0.005233148
0.123491324	0.011549671
0.0323905	0.002275278
0.044088521	0.013316413
0.105955009	0.007129342
0.061177373	0.003040076
0.06023672	0.007345839
0.134849706	0.009657493
0.458442063	0.011274406
