nan	nan
nan	nan
nan	nan
0.715528502	0.022407557
0.737464346	0.006943352
0.776570209	0.013722235
0.676714004	0.018176646
nan	nan
nan	nan
nan	nan
nan	nan
0.488867738	0.018960456
nan	nan
0.462422889	0.018904329
0.267726321	0.019315519
0.173164986	0.016226052
nan	nan
0.586861571	0.020691969
nan	nan
0.596003717	0.019935168
0.58589182	0.021199523
nan	nan
0.41183013	0.018670834
0.468440721	0.020547731
0.235322473	0.016247273
0.177642588	0.026724757
nan	nan
0.245028452	0.014139335
nan	nan
0.378718327	0.017391618
0.380772262	0.024368332
nan	nan
nan	nan
nan	nan
0.131366722	0.010202677
0.054937816	0.005987273
nan	nan
0.19559214	0.013868531
0.385990087	0.02560479
0.192067825	0.016450021
0.122660703	0.018366877
0.269607279	0.020819747
nan	nan
0.123502877	0.015478351
nan	nan
0.251967928	0.015659117
nan	nan
0.287129327	0.016324933
0.209944571	0.011480874
0.218038433	0.016129231
0.242917622	0.017591396
0.157869779	0.017079862
nan	nan
nan	nan
0.158720512	0.012432458
0.277950757	0.014103527
0.2248435	0.018855683
nan	nan
0.134398243	0.015751588
0.127171018	0.010656342
0.090949303	0.007026968
nan	nan
nan	nan
0.185869696	0.017425289
0.270055861	0.019120705
0.13107579	0.014087441
nan	nan
0.130386633	0.014411786
nan	nan
0.131034043	0.017034576
nan	nan
0.093098966	0.025348492
0.051571015	0.011299473
nan	nan
0.070911368	0.01406239
nan	nan
0.032746727	0.013945866
nan	nan
nan	nan
nan	nan
nan	nan
nan	nan
nan	nan
nan	nan
nan	nan
nan	nan
nan	nan
nan	nan
0.058840471	0.006959852
nan	nan
nan	nan
nan	nan
0.018422059	0.004516446
nan	nan
0.053684841	0.009391176
0.059562345	0.010912223
0.056622538	0.013130344
0.041344316	0.003268403
0.06281071	0.01840023
0.074480206	0.007148083
0.064506257	0.010566112
0.030064667	0.022851943
0.147384576	0.013168504
0.422992756	0.020442325
0.073999198	0.014058361
0.07171113	0.013357869
0.066329851	0.01215872
0.057205128	0.006426342
nan	nan
nan	nan
0.260225968	0.024024314
nan	nan
0.162439868	0.012568357
0.141041899	0.015257005
0.163232754	0.010740669
nan	nan
0.222144395	0.017154568
nan	nan
nan	nan
0.25950602	0.021195867
0.419604523	0.022217497
0.313302889	0.018178366
0.505459624	0.019630422
nan	nan
nan	nan
0.483994049	0.0173281
0.612306349	0.010928841
0.584794595	0.009817146
0.425018296	0.02000442
0.465584254	0.022361318
nan	nan
0.178263623	0.014137704
0.30644951	0.018744373
0.191547116	0.022314133
0.169253128	0.023542759
0.132736983	0.017138067
nan	nan
nan	nan
nan	nan
nan	nan
0.068565879	0.011280456
nan	nan
0.152661323	0.023019208
0.332441718	0.016498274
nan	nan
0.288179491	0.024172068
0.284522506	0.021524213
0.52910088	0.016691284
0.415654139	0.021184357
nan	nan
0.308905576	0.020084226
nan	nan
nan	nan
0.066523108	0.007972884
0.357291828	0.022004546
0.142175053	0.016576657
0.426739448	0.022542552
0.260196631	0.02357356
0.213732557	0.017187815
0.12389504	0.011872626
0.072999608	0.016939431
0.08944553	0.009698382
nan	nan
0.215735434	0.012159791
0.200160073	0.016623127
0.394051677	0.025038946
0.650107024	0.015493791
