# residue i_ratio gamma_2
0.000000000000000000e+00 4.787136616625486951e-01 9.811375791102229016e+00
1.000000000000000000e+00 nan nan
2.000000000000000000e+00 nan nan
3.000000000000000000e+00 5.873525113473953008e-01 6.443349574579891659e+00
4.000000000000000000e+00 4.642391138207304091e-01 1.036778676141064359e+01
5.000000000000000000e+00 5.511469564161620704e-01 7.430382820381658426e+00
6.000000000000000000e+00 6.442640415949202337e-01 5.099957886398272855e+00
7.000000000000000000e+00 4.411866163129042895e-01 1.132188941247300207e+01
8.000000000000000000e+00 3.292540609923538808e-01 1.761573522568206585e+01
9.000000000000000000e+00 4.831134035353826239e-01 9.648252311549981641e+00
1.000000000000000000e+01 3.881192009353376937e-01 1.390189252596393921e+01
1.100000000000000000e+01 4.166428861420148344e-01 1.244179787618001853e+01
1.200000000000000000e+01 3.664080435540806868e-01 1.514833690228192609e+01
1.300000000000000000e+01 3.275426837488032428e-01 1.774122027996419249e+01
1.400000000000000000e+01 4.224062516600653461e-01 1.216831344050387997e+01
1.500000000000000000e+01 5.110642156431168814e-01 8.671851542735613094e+00
1.600000000000000000e+01 4.266644041781259000e-01 1.197052478629458960e+01
1.700000000000000000e+01 5.724423362386683589e-01 6.835915326519915070e+00
1.800000000000000000e+01 6.177018930244831951e-01 5.698461480071438601e+00
1.900000000000000000e+01 5.716323725345845430e-01 6.857780143277372176e+00
2.000000000000000000e+01 5.654009827061173832e-01 7.027921104606681624e+00
2.100000000000000000e+01 5.146692018346569197e-01 8.552971385721374276e+00
2.200000000000000000e+01 6.535159073296917809e-01 4.902100204766262515e+00
2.300000000000000000e+01 6.505114374987991388e-01 4.965780249072738961e+00
2.400000000000000000e+01 6.350423457210713218e-01 5.302485517625011191e+00
2.500000000000000000e+01 6.603680076001461341e-01 4.758882973685213180e+00
2.600000000000000000e+01 5.468742012731945268e-01 7.554771756449995657e+00
2.700000000000000000e+01 nan nan
2.800000000000000000e+01 4.218370826974828791e-01 1.219502287482310798e+01
2.900000000000000000e+01 3.290842031473800167e-01 1.762813862488052052e+01
3.000000000000000000e+01 2.841049407876448107e-01 2.136320485881655529e+01
3.100000000000000000e+01 nan nan
3.200000000000000000e+01 nan nan
3.300000000000000000e+01 5.356182811035427038e-01 7.891153908360037939e+00
3.400000000000000000e+01 4.607265801402097294e-01 1.050758185890841290e+01
3.500000000000000000e+01 1.602801374838815074e-01 4.021272629582468028e+01
3.600000000000000000e+01 nan nan
3.700000000000000000e+01 2.276317946019748573e-01 2.780571003058724244e+01
3.800000000000000000e+01 nan nan
3.900000000000000000e+01 3.301751785606580891e-01 1.754866850522554600e+01
4.000000000000000000e+01 1.959102911208844555e-01 3.276612929554136144e+01
4.100000000000000000e+01 2.167934559485714674e-01 2.936328563426159732e+01
4.200000000000000000e+01 nan nan
4.300000000000000000e+01 2.048189428701053805e-01 3.124368768005438213e+01
4.400000000000000000e+01 nan nan
4.500000000000000000e+01 1.264226815234544832e-01 5.028896352643211287e+01
4.600000000000000000e+01 nan nan
4.700000000000000000e+01 3.149098777941865546e-01 1.870439242521940670e+01
4.800000000000000000e+01 3.471487717227686454e-01 1.636912162509849011e+01
4.900000000000000000e+01 2.451164295219991907e-01 2.554096100176643702e+01
5.000000000000000000e+01 2.762348990673292870e-01 2.212443171865598401e+01
5.100000000000000000e+01 2.731517527168021986e-01 2.243295135608352453e+01
5.200000000000000000e+01 2.658671865860763317e-01 2.318630918240957683e+01
5.300000000000000000e+01 2.877792879086047972e-01 2.102016976100929213e+01
5.400000000000000000e+01 1.899737336863196180e-01 3.384609425081004019e+01
5.500000000000000000e+01 2.124314528723446616e-01 3.002769065001056248e+01
5.600000000000000000e+01 1.169602716136887710e-01 5.390601900466715080e+01
5.700000000000000000e+01 nan nan
5.800000000000000000e+01 1.372994255578567913e-01 4.662286036699143921e+01
5.900000000000000000e+01 1.907577322050306168e-01 3.370028514169471379e+01
6.000000000000000000e+01 1.534587073128048929e-01 4.195394065104695613e+01
6.100000000000000000e+01 1.455243997730077954e-01 4.414282022533111416e+01
6.200000000000000000e+01 nan nan
6.300000000000000000e+01 8.106257422259273426e-02 7.311917660321243773e+01
6.400000000000000000e+01 1.423089351166066385e-01 4.508515417339638276e+01
6.500000000000000000e+01 1.349189874088654317e-01 4.738517181189791216e+01
6.600000000000000000e+01 nan nan
6.700000000000000000e+01 1.505793890548223768e-01 4.272685498133525783e+01
6.800000000000000000e+01 1.544723872167931000e-01 4.168736028012350658e+01
6.900000000000000000e+01 1.209446914212221752e-01 5.232916879032570989e+01
7.000000000000000000e+01 8.760688767246910258e-02 6.874737400047936831e+01
7.100000000000000000e+01 6.391192383169011504e-02 8.753079239841382275e+01
7.200000000000000000e+01 6.815032275998182676e-02 8.348527845162357153e+01
7.300000000000000000e+01 nan nan
7.400000000000000000e+01 4.903288231079448722e-02 1.054202546985651878e+02
7.500000000000000000e+01 2.310299566633709084e-02 1.663154436823694198e+02
7.600000000000000000e+01 2.382759454644015756e-02 1.635374833225413909e+02
7.700000000000000000e+01 3.229665690696272018e-02 1.374218872293809568e+02
7.800000000000000000e+01 2.321075363859132629e-02 1.658954019495860450e+02
7.900000000000000000e+01 nan nan
8.000000000000000000e+01 nan nan
8.100000000000000000e+01 3.457247803275466207e-03 3.739531477605174246e+02
8.200000000000000000e+01 3.745108407561721382e-03 3.640042124908817414e+02
8.300000000000000000e+01 1.210888391418826846e-03 5.115241611908574555e+02
8.400000000000000000e+01 1.204541380925178932e-03 5.122424910901652311e+02
8.500000000000000000e+01 1.099769829840214564e-03 5.247211298633100114e+02
8.600000000000000000e+01 1.846494647837812865e-04 7.823414733506066341e+02
8.700000000000000000e+01 nan nan
8.800000000000000000e+01 1.014931978184272328e-05 1.235773526304903271e+03
8.900000000000000000e+01 4.714806319436263128e-04 6.442179708471542199e+02
9.000000000000000000e+01 1.088493077466284095e-03 5.261392854977899560e+02
9.100000000000000000e+01 nan nan
9.200000000000000000e+01 1.129955188087796618e-03 5.210000515369335972e+02
9.300000000000000000e+01 1.187227718443085306e-03 5.142227351741934172e+02
9.400000000000000000e+01 1.600811128992812469e-03 4.737515630029465683e+02
9.500000000000000000e+01 5.293274638272564732e-03 3.219962345106551425e+02
9.600000000000000000e+01 4.697473732511581526e-03 3.362988006382036588e+02
9.700000000000000000e+01 1.005767741761707038e-02 2.490622042821376567e+02
9.800000000000000000e+01 1.747779407597687198e-02 1.924196576456407115e+02
9.900000000000000000e+01 1.719350697998025743e-02 1.940085971629908954e+02
1.000000000000000000e+02 2.125069083553276367e-02 1.739460305408169063e+02
1.010000000000000000e+02 4.959369716561943392e-02 1.046133669877007009e+02
1.020000000000000000e+02 5.371905427986336384e-02 9.904286996136077903e+01
1.030000000000000000e+02 5.322296122366305948e-02 9.968078743710698575e+01
1.040000000000000000e+02 4.698052739553067181e-02 1.084851298107448088e+02
1.050000000000000000e+02 6.919915586185380885e-02 8.253967447410248326e+01
1.060000000000000000e+02 8.222821022174163497e-02 7.230289628178961436e+01
1.070000000000000000e+02 1.140453799192589768e-01 5.511345820056659051e+01
1.080000000000000000e+02 8.028010357902956584e-02 7.367691983118446331e+01
1.090000000000000000e+02 5.841873984005818005e-02 9.338266213570074115e+01
1.100000000000000000e+02 3.452794347586592150e-02 1.319955283702055908e+02
1.110000000000000000e+02 1.785473265866982517e-01 3.609017213302686145e+01
1.120000000000000000e+02 1.837729073495223686e-01 3.503538437329893185e+01
1.130000000000000000e+02 1.726360234780889569e-01 3.734615706648110489e+01
1.140000000000000000e+02 2.704120547903404725e-01 2.271218527836095902e+01
1.150000000000000000e+02 2.636139419207982892e-01 2.342657310304878493e+01
1.160000000000000000e+02 1.714827602572807641e-01 3.759942717245710497e+01
1.170000000000000000e+02 1.093707701067320320e-01 5.715284738776753670e+01
1.180000000000000000e+02 1.948709967740820670e-01 3.295125298880763154e+01
1.190000000000000000e+02 2.335331994156812085e-01 2.700919731456674455e+01
1.200000000000000000e+02 1.979221010035817352e-01 3.241236948231596671e+01
1.210000000000000000e+02 3.140875232632792668e-01 1.876943999369138893e+01
1.220000000000000000e+02 2.346844268257280430e-01 2.685777662833893942e+01
1.230000000000000000e+02 1.523953510651941956e-01 4.223664870452018505e+01
1.240000000000000000e+02 3.570549353726665959e-02 1.293147820144458819e+02
1.250000000000000000e+02 2.389187212289498041e-01 2.631151095699891584e+01
1.260000000000000000e+02 2.854100965774712950e-01 2.124048023665480045e+01
1.270000000000000000e+02 3.641177650668188659e-01 1.528750720358860704e+01
1.280000000000000000e+02 3.068509164391037269e-01 1.935496115688234653e+01
1.290000000000000000e+02 3.327939391364867494e-01 1.735978026550470688e+01
1.300000000000000000e+02 nan nan
1.310000000000000000e+02 4.327266205459866510e-01 1.169498806533878721e+01
1.320000000000000000e+02 4.679345001234316848e-01 1.022276795017754303e+01
1.330000000000000000e+02 4.581007648735951343e-01 1.061335347362373760e+01
1.340000000000000000e+02 3.427611997666460963e-01 1.666415003072194168e+01
1.350000000000000000e+02 4.553252888833686507e-01 1.072635298642824608e+01
1.360000000000000000e+02 nan nan
1.370000000000000000e+02 4.708853422833895186e-01 1.010844977335123396e+01
1.380000000000000000e+02 3.683267569570982669e-01 1.503292826110432756e+01
1.390000000000000000e+02 3.176319446190029039e-01 1.849118317723588945e+01
1.400000000000000000e+02 3.162961682850912726e-01 1.859540817891820197e+01
1.410000000000000000e+02 nan nan
1.420000000000000000e+02 3.248078093887932782e-01 1.794416056008992300e+01
1.430000000000000000e+02 3.386849208414032808e-01 1.694427980962010594e+01
1.440000000000000000e+02 3.820429144132371224e-01 1.423801240394342038e+01
1.450000000000000000e+02 3.523805095543902088e-01 1.602582540826008994e+01
1.460000000000000000e+02 5.214999404034755814e-01 8.331837282949795309e+00
1.470000000000000000e+02 5.803218486319017266e-01 6.626143040421932362e+00
1.480000000000000000e+02 6.713036099829587933e-01 4.535947871738041925e+00
1.490000000000000000e+02 6.928623777008880991e-01 4.115654731398793231e+00
1.500000000000000000e+02 6.729491546245118805e-01 4.502984814552974946e+00
1.510000000000000000e+02 6.556304965164772014e-01 4.857606194690488266e+00
1.520000000000000000e+02 5.833928180112106787e-01 6.545800182429657887e+00
1.530000000000000000e+02 5.061324281212735698e-01 8.836986329883680824e+00
1.540000000000000000e+02 4.944066842346652724e-01 9.241647135043537631e+00
1.550000000000000000e+02 3.313417552834167501e-01 1.746420042001010131e+01
1.560000000000000000e+02 4.508684374030023090e-01 1.091043730047005056e+01
1.570000000000000000e+02 6.370789914336913995e-01 5.257289028544976262e+00
1.580000000000000000e+02 5.650183621096941389e-01 7.038480538364209060e+00
1.590000000000000000e+02 nan nan
1.600000000000000000e+02 4.781548273806877081e-01 9.832290032589540374e+00
1.610000000000000000e+02 5.322361917164991629e-01 7.994771535904485305e+00
1.620000000000000000e+02 4.719091395247728693e-01 1.006908999010089900e+01
1.630000000000000000e+02 5.011624560120334637e-01 9.006395439075502551e+00
1.640000000000000000e+02 6.203290604799605035e-01 5.637152719143208479e+00
1.650000000000000000e+02 5.596935576668552459e-01 7.186809265717987394e+00
1.660000000000000000e+02 6.227495387575736618e-01 5.581091049202743903e+00
