# residue i_ratio gamma_2
0.000000000000000000e+00 3.550670860953971664e-01 1.585301762827929473e+01
1.000000000000000000e+00 nan nan
2.000000000000000000e+00 nan nan
3.000000000000000000e+00 8.014126077865193487e-01 2.322454733823605011e+00
4.000000000000000000e+00 7.773779991064828643e-01 2.678999679862421157e+00
5.000000000000000000e+00 7.035522472021980001e-01 3.916162742420699949e+00
6.000000000000000000e+00 7.668914673335489596e-01 2.841126167218245513e+00
7.000000000000000000e+00 8.013310235231104750e-01 2.323631015521141041e+00
8.000000000000000000e+00 8.298916535821737606e-01 1.925147672407713895e+00
9.000000000000000000e+00 8.010729235792418690e-01 2.327353782386814007e+00
1.000000000000000000e+01 8.093621576887568558e-01 2.208907332574121973e+00
1.100000000000000000e+01 8.413861758935946566e-01 1.771966800058828673e+00
1.200000000000000000e+01 8.290319175612556046e-01 1.936765583923005352e+00
1.300000000000000000e+01 8.007814358967307866e-01 2.331560836331078246e+00
1.400000000000000000e+01 7.701553356350857582e-01 2.790221657025922397e+00
1.500000000000000000e+01 8.563057109743101858e-01 1.578925983381640696e+00
1.600000000000000000e+01 8.278347362463195358e-01 1.952981344509125528e+00
1.700000000000000000e+01 7.185697792732594902e-01 3.645271954031039208e+00
1.800000000000000000e+01 7.178325706163990461e-01 3.658322937347724402e+00
1.900000000000000000e+01 7.143342209258358722e-01 3.720597822070105476e+00
2.000000000000000000e+01 7.579506103267947825e-01 2.982674090177544812e+00
2.100000000000000000e+01 8.436933682566282178e-01 1.741694072203668009e+00
2.200000000000000000e+01 8.361958340444456406e-01 1.840644418520669401e+00
2.300000000000000000e+01 8.291710985162003000e-01 1.934883244865343910e+00
2.400000000000000000e+01 8.337978001572506903e-01 1.872646644620209022e+00
2.500000000000000000e+01 8.116404164393195009e-01 2.176751382337686280e+00
2.600000000000000000e+01 7.951249754479349230e-01 2.413774298780166916e+00
2.700000000000000000e+01 nan nan
2.800000000000000000e+01 6.855272392885630728e-01 4.255892339407078673e+00
2.900000000000000000e+01 6.322235791714476694e-01 5.365483532191432481e+00
3.000000000000000000e+01 4.328580112020357085e-01 1.168909313189959143e+01
3.100000000000000000e+01 nan nan
3.200000000000000000e+01 nan nan
3.300000000000000000e+01 7.894710889254965558e-01 2.497055525346585370e+00
3.400000000000000000e+01 7.385586232082950175e-01 3.300693128583016112e+00
3.500000000000000000e+01 5.969236947581176844e-01 6.200891433551853460e+00
3.600000000000000000e+01 nan nan
3.700000000000000000e+01 6.485051387555254010e-01 5.008608802692453565e+00
3.800000000000000000e+01 nan nan
3.900000000000000000e+01 7.414298804661458853e-01 3.252624484197627286e+00
4.000000000000000000e+01 7.777610023160952402e-01 2.673155903916198728e+00
4.100000000000000000e+01 7.701256234416373747e-01 2.790683235088681879e+00
4.200000000000000000e+01 nan nan
4.300000000000000000e+01 7.484175002567128310e-01 3.137084859518062263e+00
4.400000000000000000e+01 nan nan
4.500000000000000000e+01 4.937790702090689154e-01 9.263799548226518965e+00
4.600000000000000000e+01 nan nan
4.700000000000000000e+01 6.130946133185526392e-01 5.807151804543725149e+00
4.800000000000000000e+01 7.005497497568876630e-01 3.971621442641776856e+00
4.900000000000000000e+01 6.461160333094913000e-01 5.059930973661961318e+00
5.000000000000000000e+01 6.686937412896617472e-01 4.588537261437410919e+00
5.100000000000000000e+01 5.931166673822978463e-01 6.296466906056915391e+00
5.200000000000000000e+01 4.435370995925840831e-01 1.122051002007466103e+01
5.300000000000000000e+01 5.564564749632000540e-01 7.278256026366149101e+00
5.400000000000000000e+01 6.488719348125944197e-01 5.000760433000036365e+00
5.500000000000000000e+01 7.069644838407377341e-01 3.853669289539496390e+00
5.600000000000000000e+01 7.150651603562826475e-01 3.707539204452276582e+00
5.700000000000000000e+01 nan nan
5.800000000000000000e+01 7.815613809302703885e-01 2.615461804549084501e+00
5.900000000000000000e+01 7.938355654457160959e-01 2.432669129014045417e+00
6.000000000000000000e+01 7.439238185427072825e-01 3.211154399991903219e+00
6.100000000000000000e+01 6.983879676422739546e-01 4.011826629561583424e+00
6.200000000000000000e+01 nan nan
6.300000000000000000e+01 6.803177025305019443e-01 4.357200463353736453e+00
6.400000000000000000e+01 3.879883646234206229e-01 1.390903099605498028e+01
6.500000000000000000e+01 3.786562249685926362e-01 1.442951981757389568e+01
6.600000000000000000e+01 nan nan
6.700000000000000000e+01 7.286226572492859876e-01 3.469766454363649721e+00
6.800000000000000000e+01 5.887122636070142301e-01 6.408461281229584472e+00
6.900000000000000000e+01 6.970639205099421476e-01 4.036566250318859517e+00
7.000000000000000000e+01 7.275393432219271483e-01 3.488461323849706197e+00
7.100000000000000000e+01 7.477818615637227273e-01 3.147511526850088170e+00
7.200000000000000000e+01 6.418773259140169163e-01 5.151857576681060813e+00
7.300000000000000000e+01 nan nan
7.400000000000000000e+01 5.428006892678862716e-01 7.675031663275779792e+00
7.500000000000000000e+01 4.305785503419392035e-01 1.179182202157644888e+01
7.600000000000000000e+01 6.503795809504052672e-01 4.968587468641826987e+00
7.700000000000000000e+01 7.203043694332644797e-01 3.614662493492406092e+00
7.800000000000000000e+01 5.913610207528913199e-01 6.340924766906173460e+00
7.900000000000000000e+01 nan nan
8.000000000000000000e+01 nan nan
8.100000000000000000e+01 6.553509886275041829e-01 4.863472153951857280e+00
8.200000000000000000e+01 6.177858702079032094e-01 5.696494289134937716e+00
8.300000000000000000e+01 6.010042635194745575e-01 6.099690004104276753e+00
8.400000000000000000e+01 5.715122844652644751e-01 6.861026751530459045e+00
8.500000000000000000e+01 5.558470053116288945e-01 7.295582789763671805e+00
8.600000000000000000e+01 5.871921014638544767e-01 6.447475165603071545e+00
8.700000000000000000e+01 3.698000592967106148e-01 1.494503278571531268e+01
8.800000000000000000e+01 4.970486976215976460e-01 9.148952667398649652e+00
8.900000000000000000e+01 4.899438599889701651e-01 9.400289622011996471e+00
9.000000000000000000e+01 4.704520084526629398e-01 1.012515603792316377e+01
9.100000000000000000e+01 nan nan
9.200000000000000000e+01 4.079216623272301501e-01 1.286880333690351463e+01
9.300000000000000000e+01 3.804834301123203311e-01 1.432581951862806946e+01
9.400000000000000000e+01 3.917557586019238536e-01 1.370518482300945173e+01
9.500000000000000000e+01 4.547189974410182356e-01 1.075120327529805664e+01
9.600000000000000000e+01 3.120918990699546591e-01 1.892853780237512851e+01
9.700000000000000000e+01 3.356992807434566184e-01 1.715325748303109421e+01
9.800000000000000000e+01 3.569057591483645875e-01 1.573607716657135036e+01
9.900000000000000000e+01 3.786470474707028799e-01 1.443004292150997436e+01
1.000000000000000000e+02 2.802247390512961345e-01 2.173389678067647779e+01
1.010000000000000000e+02 1.061421593394824142e-01 5.864148209365971809e+01
1.020000000000000000e+02 3.517786492104902907e-01 1.606485864349120618e+01
1.030000000000000000e+02 4.518633302123788997e-01 1.086906002450119324e+01
1.040000000000000000e+02 4.886326823347566517e-01 9.447399658525284849e+00
1.050000000000000000e+02 3.797980546430453908e-01 1.436461284362325408e+01
1.060000000000000000e+02 3.695834081068626320e-01 1.495791890045694039e+01
1.070000000000000000e+02 3.693673284075608132e-01 1.497078439765373759e+01
1.080000000000000000e+02 4.214649216085650796e-01 1.221252235778440109e+01
1.090000000000000000e+02 4.186618061230589771e-01 1.234522612778008899e+01
1.100000000000000000e+02 3.750385104132044622e-01 1.463748878773858308e+01
1.110000000000000000e+02 3.901062007479254579e-01 1.379400658390823864e+01
1.120000000000000000e+02 4.529377996916992277e-01 1.082455775489929373e+01
1.130000000000000000e+02 4.330396695478240798e-01 1.168094821026417840e+01
1.140000000000000000e+02 3.925927811766374287e-01 1.366036964101306594e+01
1.150000000000000000e+02 3.396632248069031412e-01 1.687650848871271947e+01
1.160000000000000000e+02 1.759006307709983230e-01 3.664397140791967900e+01
1.170000000000000000e+02 1.770643644895486535e-01 3.639879805178199490e+01
1.180000000000000000e+02 2.234529369752014105e-01 2.839116204007776290e+01
1.190000000000000000e+02 1.467054312402203686e-01 4.380501105208186630e+01
1.200000000000000000e+02 3.911529001411119810e-01 1.373756866227952145e+01
1.210000000000000000e+02 4.326959041164776809e-01 1.169636664437031826e+01
1.220000000000000000e+02 4.372232905952846971e-01 1.149505768164595843e+01
1.230000000000000000e+02 3.353530796565935557e-01 1.717770146854116575e+01
1.240000000000000000e+02 2.703064266654556791e-01 2.272304862012534343e+01
1.250000000000000000e+02 2.568767286749856771e-01 2.416648053744978597e+01
1.260000000000000000e+02 2.925466453191962746e-01 2.058624830093145519e+01
1.270000000000000000e+02 2.537613228427666456e-01 2.451998121431534017e+01
1.280000000000000000e+02 2.160573303774687426e-01 2.947382929732816947e+01
1.290000000000000000e+02 1.688852810841076912e-01 3.818017971449366144e+01
1.300000000000000000e+02 nan nan
1.310000000000000000e+02 1.181900890499334861e-01 5.341049795149316282e+01
1.320000000000000000e+02 1.222186792671566130e-01 5.184195055585340839e+01
1.330000000000000000e+02 1.259138963478295403e-01 5.047258409284316372e+01
1.340000000000000000e+02 8.170336108310564949e-02 7.266831121719999942e+01
1.350000000000000000e+02 9.995040588608794518e-02 6.169976753743212328e+01
1.360000000000000000e+02 nan nan
1.370000000000000000e+02 5.100414100880215629e-02 1.026386450304053426e+02
1.380000000000000000e+02 7.126867355029285755e-02 8.073325421054951789e+01
1.390000000000000000e+02 5.307547774792318457e-02 9.987203524981164549e+01
1.400000000000000000e+02 5.454056359720249603e-02 9.800439549271970918e+01
1.410000000000000000e+02 nan nan
1.420000000000000000e+02 2.842604738209774176e-02 1.481056922478173874e+02
1.430000000000000000e+02 1.867451953955107796e-02 1.860633935661514613e+02
1.440000000000000000e+02 9.087918779948609554e-03 2.601068319438305139e+02
1.450000000000000000e+02 5.461299989265442321e-03 3.182888341577833557e+02
1.460000000000000000e+02 1.714032998837624255e-03 4.646238385268287630e+02
1.470000000000000000e+02 1.728506725544418912e-03 4.635040719274011849e+02
1.480000000000000000e+02 2.237777238457490988e-03 4.294895230574292100e+02
1.490000000000000000e+02 1.511789525358141683e-03 4.814306453946185798e+02
1.500000000000000000e+02 2.751154471538923480e-04 7.229348244140958286e+02
1.510000000000000000e+02 nan nan
1.520000000000000000e+02 1.223665274479686295e-05 1.205668591538622650e+03
1.530000000000000000e+02 3.161293129700646948e-04 7.024506714933902458e+02
1.540000000000000000e+02 7.256009207381907333e-04 5.826756060413493969e+02
1.550000000000000000e+02 1.138879597426906750e-03 5.199201853090468148e+02
1.560000000000000000e+02 1.215895838307190849e-03 5.109602716039386792e+02
1.570000000000000000e+02 4.307912859287635517e-03 3.467989564197553705e+02
1.580000000000000000e+02 1.174868475947864720e-02 2.325102232756081264e+02
1.590000000000000000e+02 nan nan
1.600000000000000000e+02 2.959061039078318689e-02 1.447013081416001796e+02
1.610000000000000000e+02 3.053341222480003211e-02 1.420699886466767339e+02
1.620000000000000000e+02 3.083180683986981238e-02 1.412591103950915112e+02
1.630000000000000000e+02 5.317793402888328080e-02 9.973909759999567370e+01
1.640000000000000000e+02 6.502085660991124838e-02 8.643589262488637814e+01
1.650000000000000000e+02 7.964820612595989446e-02 7.413321854811968592e+01
1.660000000000000000e+02 7.705419777848351859e-02 7.606367830234512439e+01
