# residue i_ratio gamma_2
0.000000000000000000e+00 2.402469170836044887e-01 2.614353418013849506e+01
1.000000000000000000e+00 nan nan
2.000000000000000000e+00 nan nan
3.000000000000000000e+00 2.246394966606589105e-01 2.822305903011890393e+01
4.000000000000000000e+00 1.140538942816114315e-01 5.510986180168901427e+01
5.000000000000000000e+00 2.724105312662519207e-01 2.250802003561880582e+01
6.000000000000000000e+00 3.378888250889436895e-01 1.699968387327765029e+01
7.000000000000000000e+00 3.104565530671268281e-01 1.906024485339689534e+01
8.000000000000000000e+00 2.813023473254769868e-01 2.163006145083771870e+01
9.000000000000000000e+00 1.207555686304074144e-01 5.240217910489378284e+01
1.000000000000000000e+01 2.094973028810895865e-01 3.048762366797411971e+01
1.100000000000000000e+01 1.182354702695386645e-01 5.339236621912173320e+01
1.200000000000000000e+01 2.016870089909687247e-01 3.176614740396069081e+01
1.300000000000000000e+01 1.232235250460464032e-01 5.146322248856080250e+01
1.400000000000000000e+01 3.357195649104653401e-01 1.715182666891145047e+01
1.500000000000000000e+01 3.576707399435374857e-01 1.568773770642187948e+01
1.600000000000000000e+01 2.291384530688178600e-01 2.759905932745205348e+01
1.700000000000000000e+01 2.492652900082740763e-01 2.504342851323457708e+01
1.800000000000000000e+01 2.148428725635691539e-01 2.965759312215106647e+01
1.900000000000000000e+01 1.340668095495894940e-01 4.766327251451604496e+01
2.000000000000000000e+01 1.359544965961719531e-01 4.705096168205749763e+01
2.100000000000000000e+01 1.333389089971703800e-01 4.790303970946168022e+01
2.200000000000000000e+01 1.280614160059832529e-01 4.970534500920507526e+01
2.300000000000000000e+01 1.418475144536869292e-01 4.522317015486645175e+01
2.400000000000000000e+01 7.406426117419864785e-02 7.841048925799258029e+01
2.500000000000000000e+01 8.470542883225552766e-02 7.062370261667211935e+01
2.600000000000000000e+01 1.083291165478256907e-01 5.762567696229947956e+01
2.700000000000000000e+01 nan nan
2.800000000000000000e+01 6.815576964128641779e-02 8.348031351737189709e+01
2.900000000000000000e+01 5.704239580618111066e-02 9.497221080928164838e+01
3.000000000000000000e+01 4.003871063559456822e-02 1.203791091341296209e+02
3.100000000000000000e+01 nan nan
3.200000000000000000e+01 nan nan
3.300000000000000000e+01 3.691764961678031809e-02 1.266749827866527198e+02
3.400000000000000000e+01 2.835896636906086454e-02 1.483072673094384299e+02
3.500000000000000000e+01 1.595116172476442051e-02 2.013503141668390981e+02
3.600000000000000000e+01 nan nan
3.700000000000000000e+01 5.278649353750305799e-03 3.223252028090351473e+02
3.800000000000000000e+01 nan nan
3.900000000000000000e+01 4.112763115353921910e-03 3.524657795924872516e+02
4.000000000000000000e+01 1.134924638005828336e-03 5.203976229920107244e+02
4.100000000000000000e+01 8.233909888148082615e-04 5.649011727721933767e+02
4.200000000000000000e+01 nan nan
4.300000000000000000e+01 3.863245994729694842e-04 6.731053091997769116e+02
4.400000000000000000e+01 nan nan
4.500000000000000000e+01 nan nan
4.600000000000000000e+01 nan nan
4.700000000000000000e+01 2.296743643396484814e-04 7.497192865259506789e+02
4.800000000000000000e+01 2.145434544007978684e-04 7.598795058806311999e+02
4.900000000000000000e+01 2.795423016620974025e-04 7.205757574272665806e+02
5.000000000000000000e+01 5.799761742873721371e-04 6.144796177362376284e+02
5.100000000000000000e+01 3.348662219874370743e-04 6.939979737547948844e+02
5.200000000000000000e+01 5.009767156934623756e-04 6.354727762699604909e+02
5.300000000000000000e+01 3.541404744074258103e-03 3.709523389712613266e+02
5.400000000000000000e+01 1.011099741350141024e-02 2.484914758627029130e+02
5.500000000000000000e+01 2.692093802369380229e-02 1.527821161377477779e+02
5.600000000000000000e+01 5.104478860562266379e-02 1.025828592177201557e+02
5.700000000000000000e+01 nan nan
5.800000000000000000e+01 4.305955516707717784e-02 1.148837989314932457e+02
5.900000000000000000e+01 5.528459932777791269e-02 9.708256309917943838e+01
6.000000000000000000e+01 5.724139657534278725e-02 9.473905871466379836e+01
6.100000000000000000e+01 8.588229197613893307e-02 6.985127411984046830e+01
6.200000000000000000e+01 nan nan
6.300000000000000000e+01 1.076570706219353024e-01 5.793445840328732288e+01
6.400000000000000000e+01 9.138850519910630965e-02 6.643667499206929961e+01
6.500000000000000000e+01 1.074032790892425204e-01 5.805183776739018242e+01
6.600000000000000000e+01 nan nan
6.700000000000000000e+01 1.449195893153393810e-01 4.431751600979655592e+01
6.800000000000000000e+01 1.237043908433815842e-01 5.128368688174324319e+01
6.900000000000000000e+01 1.668703551458571577e-01 3.864080665090238398e+01
7.000000000000000000e+01 1.340257776747880714e-01 4.767673345427906639e+01
7.100000000000000000e+01 1.267262714209644592e-01 5.017994929117164560e+01
7.200000000000000000e+01 1.979450240003934047e-01 3.240837310496568335e+01
7.300000000000000000e+01 nan nan
7.400000000000000000e+01 1.642461266710165679e-01 3.925447131815944601e+01
7.500000000000000000e+01 1.264940944140076073e-01 5.026328338057600575e+01
7.600000000000000000e+01 1.185545718897590972e-01 5.326517643128721602e+01
7.700000000000000000e+01 2.218225713459735515e-01 2.862461018372345123e+01
7.800000000000000000e+01 2.347365735026182287e-01 2.685094759983857671e+01
7.900000000000000000e+01 nan nan
8.000000000000000000e+01 nan nan
8.100000000000000000e+01 2.066003070672036979e-01 3.095243193857082531e+01
8.200000000000000000e+01 2.956726277136153547e-01 2.030832851377124015e+01
8.300000000000000000e+01 3.385779288241146934e-01 1.695171253746987716e+01
8.400000000000000000e+01 3.892467075085115913e-01 1.384055290312287134e+01
8.500000000000000000e+01 3.521347530339026810e-01 1.604174952358352968e+01
8.600000000000000000e+01 2.641711701880221086e-01 2.336682808486298768e+01
8.700000000000000000e+01 2.150066511566122995e-01 2.963270958578903347e+01
8.800000000000000000e+01 2.040333702211330480e-01 3.137347743429778646e+01
8.900000000000000000e+01 2.280993538785592578e-01 2.774133353868770513e+01
9.000000000000000000e+01 2.261364920266362155e-01 2.801310097220993356e+01
9.100000000000000000e+01 nan nan
9.200000000000000000e+01 2.490839154026883440e-01 2.506488326871131989e+01
9.300000000000000000e+01 2.576242535206821338e-01 2.408274968676418482e+01
9.400000000000000000e+01 3.078829725055693967e-01 1.926998786541904352e+01
9.500000000000000000e+01 2.998481270575499846e-01 1.994497172102817828e+01
9.600000000000000000e+01 2.447270524724870500e-01 2.558839259525883492e+01
9.700000000000000000e+01 3.533025234681262949e-01 1.596625699600136983e+01
9.800000000000000000e+01 2.722880176115514694e-01 2.252046176786663523e+01
9.900000000000000000e+01 3.808337252600430545e-01 1.430604029254840626e+01
1.000000000000000000e+02 3.936113219750051462e-01 1.360606542902463723e+01
1.010000000000000000e+02 4.444493556348855234e-01 1.118142396846340603e+01
1.020000000000000000e+02 4.239543510367427270e-01 1.209599187719516067e+01
1.030000000000000000e+02 2.822036127155802543e-01 2.154374486723764548e+01
1.040000000000000000e+02 3.444563395440612963e-01 1.654937948974941619e+01
1.050000000000000000e+02 2.957672934957498723e-01 2.029999179636886097e+01
1.060000000000000000e+02 5.109855223844973482e-01 8.674463650002614656e+00
1.070000000000000000e+02 6.822907082929661193e-01 4.318662667846606240e+00
1.080000000000000000e+02 5.787514204819435015e-01 6.667532060707240582e+00
1.090000000000000000e+02 5.776880007722778876e-01 6.695676397483363296e+00
1.100000000000000000e+02 4.868307178447223715e-01 9.512519866859500794e+00
1.110000000000000000e+02 4.157127616933457559e-01 1.248657214132589743e+01
1.120000000000000000e+02 4.499444495314389170e-01 1.094901373456430349e+01
1.130000000000000000e+02 4.226974051361295226e-01 1.215467545584212417e+01
1.140000000000000000e+02 4.954818709072677518e-01 9.203815837534547128e+00
1.150000000000000000e+02 5.686044270934256240e-01 6.940026347407544982e+00
1.160000000000000000e+02 3.296276309834743623e-01 1.758849583068213107e+01
1.170000000000000000e+02 2.595847730300336331e-01 2.386511485334166238e+01
1.180000000000000000e+02 3.585519892646219509e-01 1.563227767884915487e+01
1.190000000000000000e+02 4.854567371209069226e-01 9.562468680234312401e+00
1.200000000000000000e+02 6.427862848247435368e-01 5.132049915127558926e+00
1.210000000000000000e+02 6.891382932747012191e-01 4.186506548977568798e+00
1.220000000000000000e+02 6.626525228907547138e-01 4.711745545426617277e+00
1.230000000000000000e+02 7.076942380165490709e-01 3.840377170880944657e+00
1.240000000000000000e+02 7.296557241103921454e-01 3.451987032685282841e+00
1.250000000000000000e+02 6.653077101684067296e-01 4.657337913786714800e+00
1.260000000000000000e+02 6.270461456205842499e-01 5.482562620486969074e+00
1.270000000000000000e+02 3.844560424669330456e-01 1.410339240881377165e+01
1.280000000000000000e+02 5.500881355247132509e-01 7.461042087466648098e+00
1.290000000000000000e+02 7.223963349228258446e-01 3.577929252259788306e+00
1.300000000000000000e+02 nan nan
1.310000000000000000e+02 3.638695663543864978e-01 1.530268248813046306e+01
1.320000000000000000e+02 5.372023714113389747e-01 7.843032850800878641e+00
1.330000000000000000e+02 5.929373546142410190e-01 6.300996470118005455e+00
1.340000000000000000e+02 5.292466271375044773e-01 8.087372179101350866e+00
1.350000000000000000e+02 5.780858006579722153e-01 6.685137112316436259e+00
1.360000000000000000e+02 nan nan
1.370000000000000000e+02 1.498671880790144462e-01 4.292170988665017717e+01
1.380000000000000000e+02 6.798873964497519351e-01 4.365633078351108587e+00
1.390000000000000000e+02 6.877981780445131532e-01 4.212177459298429127e+00
1.400000000000000000e+02 6.049324229424964949e-01 6.003459778138063641e+00
1.410000000000000000e+02 nan nan
1.420000000000000000e+02 3.761416404000854641e-01 1.457369676710660222e+01
1.430000000000000000e+02 4.850605586936334590e-01 9.576918870222309366e+00
1.440000000000000000e+02 7.816744903770288522e-01 2.613752739846857409e+00
1.450000000000000000e+02 8.445725741640554007e-01 1.730198997982744791e+00
1.460000000000000000e+02 8.057821905661692874e-01 2.259781186732579883e+00
1.470000000000000000e+02 6.255800664682640289e-01 5.516041471114958128e+00
1.480000000000000000e+02 4.293199908509645057e-01 1.184896243348796929e+01
1.490000000000000000e+02 4.869424661692610679e-01 9.508468710159496240e+00
1.500000000000000000e+02 4.910203513607604431e-01 9.361782883002831568e+00
1.510000000000000000e+02 2.978529117017414407e-01 2.011749207473057766e+01
1.520000000000000000e+02 4.377716835351707636e-01 1.147092843708777821e+01
1.530000000000000000e+02 6.808115659970304101e-01 4.347534555013591095e+00
1.540000000000000000e+02 7.268135803161063224e-01 3.501015021964399843e+00
1.550000000000000000e+02 7.367097545491171351e-01 3.331831074709771023e+00
1.560000000000000000e+02 8.085967640855745708e-01 2.219748525603222777e+00
1.570000000000000000e+02 7.997341704949179064e-01 2.346699832381504702e+00
1.580000000000000000e+02 8.280242154951740208e-01 1.950411917834890430e+00
1.590000000000000000e+02 nan nan
1.600000000000000000e+02 6.548089736370434899e-01 4.874860530881889531e+00
1.610000000000000000e+02 5.876478928155698389e-01 6.435758073206876873e+00
1.620000000000000000e+02 4.794464230174291797e-01 9.784019461325987876e+00
1.630000000000000000e+02 6.625383694204277640e-01 4.714093756322833784e+00
1.640000000000000000e+02 7.085365008940908149e-01 3.825067516269826662e+00
1.650000000000000000e+02 6.981210785618063852e-01 4.016806372939274006e+00
1.660000000000000000e+02 7.005400961782985991e-01 3.971800467290382386e+00
